
state={
	id=581
	name="STATE_581"
	resources={
		chromium=24.000
		steel=94.000
	}

	history={
		owner = SOV
		victory_points = {
			9206 5 
		}
		buildings = {
			infrastructure = 4
			industrial_complex = 5
			arms_factory = 2
			dockyard = 1
			86 = {
				naval_base = 1
			}
			air_base = 2

		}
		add_core_of = SOV
	}

	provinces={
		3 15 18 26 36 40 74 80 86 90 92 94 98 116 127 134 138 142 155 157 170 176 178 197 2994 2998 3008 3012 3033 3050 3060 3067 3071 3078 3084 3121 3133 3134 3144 3170 3187 3189 6012 6021 6029 6052 6057 6070 6090 6094 6096 6098 6106 6109 6117 6140 6150 6153 6157 6172 6175 6181 6183 6194 9039 9045 9059 9074 9078 9100 9105 9115 9118 9119 9123 9140 9150 9158 9162 9165 9176 9179 9195 9198 9201 9203 9206 9215 9217 9231 11031 11045 11046 11054 11085 11088 11092 11094 11096 11117 11128 11140 11142 11146 11150 11153 11156 11159 11162 11175 11181 11183 11196 11212 
	}
	manpower=2346576
	buildings_max_level_factor=1.000
	state_category=metropolis

	local_supplies=10.0
}
