
state={
	id=610
	name="STATE_610"

	history={
		owner = SOV
		victory_points = {
			4681 7 
		}
		buildings = {
			infrastructure = 5
			industrial_complex = 9
			arms_factory = 3
			air_base = 4

		}
		add_core_of = SOV
	}

	provinces={
		1297 1369 1674 1679 1685 1718 1726 1733 1765 1777 1779 1780 1790 1794 1797 1824 1860 4366 4665 4681 4687 4730 4734 4767 4771 4781 4785 4789 4793 4800 4803 4806 4827 4840 4866 7274 7655 7680 7687 7701 7722 7750 7757 7789 7793 7822 7825 7849 7861 7886 10529 10531 10533 10537 10544 10546 10555 10576 10613 10617 10652 10673 10686 10705 10713 11410 12174 12509 12510 12514 12515 12528 12536 12555 12595 12599 12606 12613 12631 12655 12679 
	}
	manpower=4513392
	buildings_max_level_factor=1.000
	state_category=megalopolis

	local_supplies=10.0
}
