
state={
	id=621
	name="STATE_621"
	resources={
		steel=3.000
		tungsten=1.000
	}

	history={
		owner = SOV
		victory_points = {
			464 1 
		}
		buildings = {
			infrastructure = 4
			industrial_complex = 1
			arms_factory = 0
			air_base = 1

		}
		add_core_of = SOV
	}

	provinces={
		432 464 468 470 475 477 508 545 554 566 576 615 642 1247 1290 1318 1429 1517 3404 3406 3459 3467 3502 3515 3538 3593 3618 3622 4254 4294 4351 4394 4523 4620 6491 6498 6514 6523 6525 6551 6564 6588 6615 7313 7322 7341 7370 7410 7438 7641 9447 9453 9462 9469 9487 9513 9526 9528 9538 9549 10253 10262 10264 11442 11455 11457 11469 11472 11473 11480 11482 11510 11524 11537 11538 11552 11578 11591 11701 12179 12227 12235 12254 12294 12383 13008 
	}
	manpower=851488
	buildings_max_level_factor=1.000
	state_category=rural

	local_supplies=10.0
}
