1 3 1408 4428 7753
1 6 1408 4428 10157 7315 7386 4296
1 3 7753 7677 12578
2 4 7753 7414 12214 7442
1 3 12578 7820 4765
1 5 12578 7677 1320 12214 7442
3 3 1804 515 7787
3 2 1804 3010
3 2 4765 7787
1 2 4765 1347
3 2 7787 3010
1 3 7787 6754 1347
3 3 12603 3769 10552
3 3 12603 4759 12685
1 3 6779 3498 736
3 4 736 9669 11440 10552
3 2 4426 4872
3 2 4426 4875
3 5 4872 12688 3721 1788 12603
3 4 4872 4790 1870 12685
3 5 3775 9583 9585 11728 11602
3 5 3775 6607 779 11725 9711
3 3 3775 3763 11695
3 6 3775 6797 9580 11567 3605 6630
3 2 4875 12588
3 5 11602 6662 11585 3608 6630
3 6 11602 6662 11585 3661 3635 3778
3 3 9711 722 11695
3 3 9711 9724 6710
3 6 11695 749 11654 9664 11680 11650
3 2 6630 3778
3 4 6630 6625 4270 4345
3 3 6630 3605 6778
3 3 3778 1341 4345
3 2 4345 9601
3 3 4345 7345 7289
3 5 4345 7345 3602 598 6778
3 3 9601 7291 12149
3 3 9601 4417 7289
3 4 12149 7291 4417 7289
3 3 12149 7433 1284
3 4 7289 10230 10174 1284
3 3 7289 7629 4445
3 5 7289 10230 10481 733 3715
3 4 7289 10230 6719 3732
3 5 1284 10174 12202 6719 3732
3 4 1284 12291 4305 7379
3 6 7361 7644 7304 1424 12289 7379
2 6 4430 10244 7304 1424 12289 7379
2 3 4296 7386 7442
3 6 9713 11658 677 6681 6757 9730
3 5 9713 6699 6694 6876 4518
2 13 9730 6772 781 3588 766 710 1601 1432 7667 1651 10387 10483 9814
3 4 4518 6861 9637 9671
3 5 4518 9911 11876 11859 9814
1 3 7845 10602 1789
1 5 7845 9616 12607 1862 4736
1 4 1789 9695 10582 4865
1 3 4865 4668 4742
1 3 4742 7818 7821
1 4 853 1793 12765 7821
3 4 12627 2102 10867 8070
2 3 12627 868 1658
3 4 8070 10867 12893 3972
1 3 12651 1815 10711
1 3 12651 1851 7760
3 3 10711 4610 7760
3 4 10711 4794 4749 7840
1 4 4860 12585 1851 7760
3 4 7760 10587 4839 3750
3 3 1836 1752 12685
3 4 1836 4772 4880 12667
3 2 1836 3750
3 5 1836 4772 10685 10719 1867
3 4 12685 1870 12597 12588
3 3 12667 12620 3750
3 2 12667 1867
3 3 7840 3613 4830
3 5 4830 10606 3708 12513 1352
3 4 1352 4757 10333 10516
3 4 10798 7904 4811 1352
3 2 10337 12341
3 2 7552 7524
3 3 7524 4650 1615
3 2 12489 12458
3 5 12489 10477 4625 4540 4449
3 2 4569 4449
3 5 4569 1523 7607 7449 10516
3 2 4569 12305
3 3 4449 7831 12305
3 13 10516 10391 10717 1564 1534 2043 6803 8025 2082 3960 10861 10504 10337
3 3 10516 1678 1770
3 3 10516 1586 7458
3 3 1770 12418 7458
3 5 1867 10719 10618 12597 12588
3 5 4738 4166 9657 12357 9450
3 4 4738 4166 926 10341
3 3 4738 709 751
3 4 10341 12456 12312 9450
3 3 10341 1560 11589
3 3 9450 12312 11589
3 4 9450 12368 7611 720
3 5 9450 6713 4437 7551 1595
3 4 11589 6737 7611 720
3 4 720 12697 10457 12305
3 3 1595 9796 9810
3 3 1595 9796 831
3 3 1595 4527 4601
3 4 9810 9653 6713 9450
3 4 9810 870 11637 695
3 2 9810 831
3 4 6710 11656 691 695
3 4 695 11641 6713 9450
3 4 6890 6874 827 6855
3 3 6890 4442 11800
3 4 6855 11760 11776 831
3 2 831 4601
3 3 6696 1445 9727
2 5 9727 1582 9779 7558 10439
3 5 9727 12637 6971 10441 3975
2 3 12501 8083 10657
3 4 12501 10824 10192 12735
1 5 10657 913 9779 7558 10439
1 4 10657 913 8014 10495
3 5 1615 12429 8110 1587 12735
3 7 1615 12429 8110 11717 10753 10824 12501
3 2 1615 7480
3 4 12735 7422 4756 7480
3 12 7480 10520 10352 10380 12325 12498 10492 638 10394 1485 4653 10495
3 12 1843 1913 12752 7388 1584 1572 12353 12325 12498 860 7422 12735
2 5 12384 9996 12803 10281 12501
1 5 12384 5090 9967 7643 10495
3 6 1480 12470 12498 860 7422 12735
3 4 1480 11975 1547 7202
3 4 7202 10047 11927 7138
3 5 7202 10047 11927 10051 1132
3 10 7202 1547 10465 10437 7612 10492 7583 860 7422 12735
3 11 7138 4491 7527 3994 7118 638 10492 7583 860 7422 12735
3 4 7138 7083 12054 1132
2 2 7138 10495
3 6 1132 12054 7045 12445 10468 10495
3 6 11841 3925 7045 12445 10468 10495
2 3 11841 10412 10439
3 7 788 6943 11783 7045 12445 10468 10495
1 3 10439 10468 10495
2 10 3957 6929 11888 6958 3941 7646 7588 4627 12637 9727
3 3 3957 6929 3847
2 6 6845 6869 9820 862 894 11650
3 4 6845 3824 822 3847
3 3 6845 3863 6882
2 8 11758 847 6872 6885 862 9820 6869 6845
2 2 11758 3847
2 5 11758 847 3850 880 11800
2 5 3847 11785 862 894 11650
3 7 11800 6705 3687 6707 9664 11680 11650
3 6 6882 3863 891 9820 11785 3847
3 2 6882 3878
2 3 3878 6911 9774
2 4 9774 11660 6717 11650
2 4 9774 6911 3806 908
2 5 9774 6911 3806 9675 4445
3 5 6778 6916 9708 6717 11650
3 3 6732 3710 908
3 3 6732 3712 3715
3 4 908 9850 9847 3878
3 4 908 718 9675 4445
3 3 908 718 3715
3 7 4445 10381 11722 9721 1436 6717 11650
3 2 4445 3715
3 3 3715 3712 3732
3 3 3379 3329 276
3 4 3379 3242 3359 11293
2 5 276 385 11303 3359 11293
2 5 9303 3396 303 3342 11293
2 4 7394 11237 3342 11293
3 2 11293 7377
2 4 7377 285 11237 7394
1 5 11207 9161 9075 6046 6104
2 6 11207 11055 3150 6300 9383 3273
1 5 6104 6046 11161 6385 3273
3 3 3273 6320 11218
3 4 11218 9314 11299 351
3 2 6384 6318
3 2 9297 7239
3 3 9297 11345 6237
3 5 6237 11279 9268 11221 6103
3 3 6237 11382 9250
3 6 9250 3353 9322 296 11221 6103
3 5 9250 3353 9322 3287 322
3 5 322 271 221 11374 6103
3 3 3422 3463 540
3 3 6103 11333 13070
3 3 6103 507 11446
3 2 13070 11446
3 10 11446 507 11471 3369 6378 3241 6301 3301 3205 6384
2 21 6176 137 3192 65 9170 9047 11037 27 9157 3021 6160 179 9138 11114 9054 6164 9209 9109 11082 161 6050
3 5 6176 3049 9196 6072 100
2 18 100 9036 11029 9204 9103 9157 3021 6160 179 9138 11114 9054 6164 9209 9109 11082 161 6050
3 13 6115 11078 6160 179 9138 11114 9054 6164 9209 9109 11082 161 6050
2 3 6115 11184 11151
3 11 11151 147 9138 11114 9054 6164 9209 9109 11082 161 6050
2 4 11151 171 6310 383
3 6 11147 11040 9151 205 130 9088
3 4 11147 49 3148 156
3 10 11147 3045 9117 6127 35 9185 11188 11082 161 6050
3 8 156 9193 35 9185 11188 11082 161 6050
3 13 383 6310 11070 69 6028 11114 9054 6164 9209 9109 11082 161 6050
3 2 383 3386
2 6 383 3307 6412 9362 6345 9279
3 10 3386 6406 9329 9406 6397 9393 11380 11082 161 6050
3 6 3386 3307 6412 9362 6345 9279
3 13 9279 6345 9362 6412 9251 9329 9406 6397 9393 11380 11082 161 6050
2 6 9279 11376 6120 11160 11327 11215
3 3 9279 6345 6287
3 10 11215 363 242 11311 11289 9393 11380 11082 161 6050
2 6 11121 6212 9106 3125 193 9169
3 3 9206 6186 3061
3 16 9206 11162 52 3131 3013 11043 9163 9056 11033 3119 6138 9038 3009 32 9094 3083
3 9 9206 11162 3050 6150 3187 3030 9061 3068 9169
2 12 9206 11162 3050 6150 3187 3133 11046 11156 2998 11146 11054 11096
3 10 9206 11162 3050 6150 3187 3133 11046 6153 9231 11092
3 4 9206 9100 3060 3151
3 10 9206 11162 3050 6150 3187 6052 9176 9078 2994 11159
3 5 3061 3161 204 6009 11105
2 7 9169 193 3185 80 6098 11054 11096
3 13 11105 6144 67 6163 9160 11033 6141 11144 9219 6078 9104 11076 9169
3 4 11105 9129 9194 3083
3 13 3083 9094 32 3009 9038 63 6198 11144 9219 6078 9104 11076 9169
3 3 3152 11426 11127
3 8 11127 11443 4640 104 11186 9097 6174 3151
3 3 9340 9240 9317
3 16 9340 265 3255 11358 310 341 222 319 3310 6324 11097 3053 6139 11032 6174 3151
3 18 6322 3525 6342 265 3255 11358 310 341 222 319 3310 6324 11097 3053 6139 11032 6174 3151
3 4 6322 3194 11246 9483
3 5 6322 3194 11246 3354 6314
3 3 3320 9404 9438
3 3 3320 9274 3393
3 4 9438 530 6376 9483
3 3 9483 9731 6314
1 3 6389 317 11366
2 3 6389 6257 9347
1 6 11366 11251 3325 3260 6393 6287
3 10 68 391 11456 3444 9522 3488 6537 11519 13068 516
3 3 68 3314 6336
3 3 9431 480 6560
3 12 9431 6598 11419 9574 11519 6537 3488 9522 3444 11456 391 68
3 5 11562 6500 11456 391 68
3 3 11318 9335 6336
3 10 11318 11264 11233 11346 6622 3512 3444 11456 391 68
3 2 11318 11360
3 15 6336 9335 9309 11264 11233 11346 6622 3512 3444 9522 3488 6537 11519 13068 516
3 2 516 6560
3 2 516 3516
3 2 516 3576
3 2 516 9536
3 2 6446 6560
3 2 6446 3576
3 2 6446 11483
3 2 6446 575
3 12 6560 6598 11419 9574 11519 6537 3488 9522 3444 11456 391 68
3 2 6560 3576
3 2 3516 9536
3 9 3516 9444 11407 3488 9522 3444 11456 391 68
3 3 3516 13081 9472
3 2 3576 9536
3 2 3576 11483
3 4 3576 11606 3447 9472
3 3 9536 11606 11483
3 2 6583 11435
3 2 11483 575
3 7 575 11548 9500 3476 6504 11606 9536
3 5 575 11548 9500 11420 485
3 6 485 11420 454 3402 11606 9536
3 2 485 9434
3 2 9472 13011
3 9 6531 3533 9490 3506 6949 11549 3447 11606 9536
3 4 6531 3533 11732 13011
3 4 6531 9505 11488 11516
3 5 13011 6545 9505 11488 11516
3 11 13011 3546 3560 9418 11407 3488 9522 3444 11456 391 68
3 3 9503 6529 678
3 13 9503 549 3629 11502 9559 9418 11407 3488 9522 3444 11456 391 68
3 3 9503 1346 521
3 3 9503 549 563
3 2 9503 6542
3 3 9503 6712 11640
3 2 678 521
3 12 678 698 6698 9642 3652 3669 3506 6949 11549 3447 11606 9536
3 2 678 11640
2 2 678 6683
3 10 11516 5291 9418 11407 3488 9522 3444 11456 391 68
3 2 11516 521
3 8 9434 11563 6569 6585 9561 3402 11606 9536
3 3 3552 3758 6536
3 5 11506 9561 3402 11606 9536
3 3 11506 9523 9507
3 8 9507 9725 11491 6949 11549 3447 11606 9536
3 3 9507 6547 11463
3 2 9507 512
3 10 9607 9609 667 3681 3506 6949 11549 3447 11606 9536
3 6 9607 9609 667 9644 6518 512
1 4 9607 6644 6651 651
2 3 9607 11576 590
2 2 9607 3594
3 9 11794 9625 3681 3506 6949 11549 3447 11606 9536
2 3 11794 11593 3594
3 3 3659 9631 11600
3 2 3659 3671
3 3 3659 655 6657
3 3 11463 9492 3671
3 2 11600 6657
3 8 512 9725 11491 6949 11549 3447 11606 9536
1 6 6657 9597 11565 9717 6775 11702
2 4 6657 9597 11565 9737
1 3 9734 6775 11702
1 6 590 769 3754 752 3948 11702
1 3 590 9748 3594
2 4 590 769 9732 11716
3 9 3594 9625 3681 3506 6949 11549 3447 11606 9536
3 3 3594 3770 11716
3 17 11716 6786 6613 9590 6639 6666 9622 3666 9642 3652 3669 3506 6949 11549 3447 11606 9536
2 3 11716 762 3768
3 16 3768 780 3589 6639 6666 9622 3666 9642 3652 3669 3506 6949 11549 3447 11606 9536
1 3 3768 6609 778
2 4 3768 764 9738 6780
1 2 6766 11702
1 4 9737 9717 6775 11702
1 3 9898 6960 3946
1 4 9898 11877 11849 11834
2 8 9898 11711 6770 3754 6773 11718 755 11702
1 8 3946 6917 9723 3751 752 3754 769 590
3 13 778 9603 6666 3646 817 3652 3669 3506 6949 11549 3447 11606 9536
2 3 778 9745 6780
2 2 11834 911
2 4 9909 11891 3772 6788
3 6 758 3761 6764 9719 13218 11707
1 16 758 6955 11692 11677 11675 3892 6941 889 9787 6996 11885 3926 6986 9869 970 11805
3 8 758 6955 11692 729 11843 13219 726 9699
3 3 11707 3729 9699
3 7 9699 6746 3920 3918 918 13232 6867
3 4 857 11766 813 3816
3 3 6867 3874 9800
3 4 6867 13221 9770 9839
3 3 9800 3794 9767
3 5 11798 11851 6902 13230 9839
3 4 11798 6954 7098 7183
3 3 11798 11749 4080
2 6 11798 11851 9819 6884 9765 3866
3 4 11742 9852 3858 9767
2 4 11742 3945 9812 7213
3 5 11742 888 3891 3799 6906
3 5 6800 6832 6896 3871 875
2 3 3816 11737 7213
3 5 3816 790 13223 6966 6812
3 5 7213 9933 11870 6993 9767
2 4 7213 871 3799 6906
2 4 7213 871 9896 6817
3 2 9764 6812
3 4 6812 6966 3873 6817
3 3 6906 9896 6817
2 3 7183 1178 875
2 2 7183 4080
1 5 7183 13231 10009 7068 10063
1 5 875 6744 7198 7068 10063
2 9 875 3871 950 12083 11807 832 3835 6856 6906
1 7 4080 1048 10094 7153 9979 7068 10063
1 5 4080 9815 12070 9765 3866
1 9 10063 1176 4095 12083 11807 832 3835 6856 6906
1 9 9817 724 6941 877 920 3918 3920 6746 9699
1 16 11805 970 9869 6986 3926 11885 6996 9787 889 6941 877 920 3918 3920 6746 9699
1 3 6349 3271 3234
2 2 6349 3326
1 3 6377 3395 3234
2 2 3234 3326
3 8 11388 6535 6622 3512 3444 11456 391 68
2 2 3326 241
3 11 241 336 11264 11233 11346 6622 3512 3444 11456 391 68
2 2 241 11360
3 10 11360 11264 11233 11346 6622 3512 3444 11456 391 68
3 16 321 11276 11219 9238 9375 11402 6513 564 11431 6535 6622 3512 3444 11456 391 68
3 18 6282 3312 11444 375 11219 9238 9375 11402 6513 564 11431 6535 6622 3512 3444 11456 391 68
3 3 6282 6334 9334
3 3 6282 537 3473
3 3 6521 9428 9496
3 3 6521 3499 11545
3 17 6521 3499 9456 11359 9238 9375 11402 6513 564 11431 6535 6622 3512 3444 11456 391 68
3 18 9496 11505 11444 375 11219 9238 9375 11402 6513 564 11431 6535 6622 3512 3444 11456 391 68
3 4 9496 478 6441 11545
3 2 9496 3473
3 13 3522 11468 3561 9524 564 11431 6535 6622 3512 3444 11456 391 68
3 12 6524 3500 9524 564 11431 6535 6622 3512 3444 11456 391 68
2 4 6524 538 6501 3535
2 3 6524 3500 13116
3 4 6524 3500 11445 6549
2 4 11545 9560 6487 3522
2 2 11545 3535
3 3 514 11481 3535
3 4 514 6559 3418 3585
3 9 514 9535 11517 6534 3545 3485 494 9429 11542
3 4 13116 6421 9416 11544
3 3 13116 11445 6549
3 2 13116 11417
3 2 6444 11494
3 2 6444 529
3 11 6444 9486 3524 9443 6535 6622 3512 3444 11456 391 68
3 10 6549 564 11431 6535 6622 3512 3444 11456 391 68
3 11 6594 3397 3524 9443 6535 6622 3512 3444 11456 391 68
3 2 6594 11417
3 12 563 11531 11502 9559 9418 11407 3488 9522 3444 11456 391 68
3 4 563 11547 3423 11494
3 4 563 3558 3530 6542
3 3 11435 11470 11494
3 8 11435 11470 3547 9522 3444 11456 391 68
3 2 11494 529
3 7 11494 3547 9522 3444 11456 391 68
3 2 587 6469
3 11 587 6570 9482 3398 9443 6535 6622 9363 6241 391 68
3 2 6469 495
3 6 6469 3512 9363 6241 391 68
3 7 529 3547 9522 3444 11456 391 68
3 7 495 6622 3512 3444 11456 391 68
3 15 6542 3530 6568 6581 6594 6488 3524 9443 6535 6622 3512 3444 11456 391 68
3 3 6542 6712 11640
3 2 6542 11486
3 4 11640 3679 6934 3690
3 3 11640 3692 11486
2 2 11640 663
2 3 11640 9638 6683
3 14 9517 6555 6581 6594 6488 3524 9443 6535 6622 3512 3444 11456 391 68
3 2 9517 11486
3 3 9517 11499 3690
3 5 9517 11499 6540 561 11544
3 10 3690 708 3705 9515 9681 532 5283 9541 9569 11542
3 15 11544 11529 6555 6581 6594 6488 3524 9443 6535 6622 3512 3444 11456 391 68
3 3 11544 9572 11417
3 2 11544 571
3 12 11417 6594 6488 3524 9443 6535 6622 3512 3444 11456 391 68
3 9 692 11653 9515 9681 532 5283 9541 9569 11542
2 3 692 9652 673
2 5 692 11653 3688 707 688
3 5 692 11653 6725 6708 3703
3 7 571 3571 11497 7857 6592 9421 11542
3 4 571 3571 9555 6418
1 3 663 9638 6683
1 2 663 11604
2 13 663 11623 6680 11638 6693 3705 9515 9681 532 5283 9541 9569 11542
3 11 6683 3666 9642 3652 3669 3506 6949 11549 3447 11606 9536
1 2 6683 9620
1 3 6683 9638 11604
1 2 9620 11604
3 12 9620 9622 3646 817 3652 3669 3506 6949 11549 3447 11606 9536
1 2 9620 6683
2 15 11604 11601 658 3660 6680 11638 6693 3705 9515 9681 532 5283 9541 9569 11542
3 12 6683 9622 3646 817 3652 3669 3506 6949 11549 3447 11606 9536
2 12 673 9636 11638 6693 3705 9515 9681 532 5283 9541 9569 11542
1 4 673 11634 3675 688
3 22 688 6691 6687 9679 6690 9661 3700 3716 541 3484 9551 9567 3583 3414 6485 3485 3545 6534 11517 11401 9414 11542
1 3 688 3675 3674
2 3 688 6708 3703
2 4 9648 653 3673 3674
3 18 9648 9661 3700 3716 541 3484 9551 9567 3583 3414 6485 3485 3545 6534 11517 11401 9414 11542
2 4 3674 6673 11595 599
3 4 11666 9527 6552 6723
3 17 11666 3700 3716 541 3484 9551 9567 3583 3414 6485 3485 3545 6534 11517 11401 9414 11542
3 5 11666 6739 3718 557 3569
3 3 11666 6739 9692
3 3 6723 732 3703
3 5 6723 543 9541 9569 11542
3 4 6723 6552 11525 3569
3 6 3703 732 5283 9541 9569 11542
3 2 11542 6418
3 2 3585 6418
3 2 3569 3553
3 4 3569 557 9539 9692
3 5 3569 569 11556 9429 11542
3 4 3553 11556 9429 11542
3 15 9692 9539 3484 9551 9567 3583 3414 6485 3485 3545 6534 11517 11401 9414 11542
3 13 11539 9551 9567 3583 3414 6485 3485 3545 6534 11517 11401 9414 11542
2 5 11539 3537 555 9537 6573
2 5 11539 3537 555 3550 3581
2 3 11539 11554 417
3 3 11539 11554 9412
1 2 6573 3581
2 3 6573 6751 3731
3 3 11627 3683 701
3 3 11627 3670 9611
3 29 11610 3627 9595 6619 6614 3601 6650 3654 596 665 6672 11630 9661 3700 3716 541 3484 9551 9567 3583 3414 6485 3485 3545 6534 11517 11401 9414 11542
3 4 11610 9643 9608 6647
3 17 9660 11663 11679 11522 3484 9551 9567 3583 3414 6485 3485 3545 6534 11517 11401 9414 11542
3 3 9660 6703 701
3 3 9660 716 3731
3 3 9660 684 11646
3 17 701 9676 3716 541 3484 9551 9567 3583 3414 6485 3485 3545 6534 11517 11401 9414 11542
3 4 3731 3713 699 11646
3 3 6697 9656 11646
3 4 6697 3696 3709 9687
3 3 6697 6682 646
3 3 6697 696 6711
3 3 6697 696 693
3 33 6700 11625 3680 6685 9624 11594 9595 6619 6614 3601 6650 3654 596 665 6672 11630 9661 3700 3716 541 3484 9551 9567 3583 3414 6485 3485 3545 6534 11517 11401 9414 11542
3 2 6700 11646
3 3 6700 679 646
3 3 6700 9621 619
3 3 646 11787 3614
3 2 6711 693
3 4 693 11622 676 11639
3 4 693 11622 676 9670
3 2 11639 9670
3 3 9548 577 3562
3 4 9617 3636 3639 6695
3 2 9617 3663
3 2 9617 674
3 3 9617 6658 9612
3 3 6695 660 3663
3 2 3663 674
3 4 3663 11619 11655 11672
3 5 3663 9651 11636 6706 6729
2 3 674 6677 657
3 3 674 11603 9614
3 2 6747 11672
3 2 6747 6729
3 15 6747 9716 3577 6600 11705 754 9714 11703 11546 3403 6451 6478 6495 559 9413
3 17 11672 3728 744 11534 3577 6600 11705 754 9714 11703 11546 3403 6451 6478 6495 559 9413
3 4 11672 11655 9701 6729
3 13 6729 3724 6743 741 9698 11703 11546 3403 6451 6478 6495 559 9413
3 4 6729 6706 3704 3701
1 4 657 9635 687 3701
1 2 657 9614
3 12 3701 6743 741 9698 11703 11546 3403 6451 6478 6495 559 9413
3 3 3701 6727 11670
3 5 9334 9277 9387 6236 3473
3 7 9334 9277 11260 11232 17 9532 11558
3 5 3473 3572 6595 552 9570
3 4 3473 444 3532 6558
3 7 9570 3545 6534 11517 11401 9414 11542
3 3 9570 6512 9511
3 4 9570 3510 3460 6558
3 3 9570 6462 11558
3 9 9511 6512 3485 3545 6534 11517 11401 9414 11542
3 2 9511 11558
3 3 9511 479 9546
3 8 362 389 3324 279 3381 17 9532 11558
2 2 362 3380
3 2 3380 3295
2 3 3380 6402 6332
3 4 3295 6401 11515 493
3 6 6558 388 11232 3381 11515 493
3 4 6558 17 9532 11558
3 4 11558 9532 11515 493
3 2 11558 9546
2 3 417 3410 466
3 4 466 6522 9494 11399
3 4 466 6499 442 11430
3 23 466 3434 11536 3548 6571 9704 727 11689 744 11534 3577 6600 11705 754 9714 11703 11546 3403 6451 6478 6495 559 9413
3 5 466 6522 9494 9468 6431
3 4 3544 524 11385 11274
3 4 3544 11492 548 493
3 2 493 9546
3 4 11370 3267 6220 6371
3 3 11370 216 6292
3 15 6780 611 3612 11590 9622 3646 817 3652 3669 3506 6949 11549 3447 11606 9536
3 3 6780 3782 11570
3 3 11570 776 3780
2 16 11570 6635 3641 658 3660 6680 11638 6693 3705 9515 9681 532 5283 9541 9569 11542
3 4 6788 3772 770 6780
2 2 6788 3773
2 2 6788 6973
3 2 3780 773
2 3 3780 6790 3773
2 16 3780 607 9600 658 3660 6680 11638 6693 3705 9515 9681 532 5283 9541 9569 11542
2 3 773 11568 6631
3 3 773 6790 3773
2 14 6631 6675 3660 6680 11638 6693 3705 9515 9681 532 5283 9541 9569 11542
2 2 6626 599
3 26 6626 11735 11564 6650 3654 596 665 6672 11630 9661 3700 3716 541 3484 9551 9567 3583 3414 6485 3485 3545 6534 11517 11401 9414 11542
3 5 3773 11726 9741 11730 6780
2 2 3773 3976
1 2 3773 6973
1 2 3976 6973
2 3 3976 9752 6606
1 3 3976 1616 9907
1 3 6973 6946 9907
1 4 6606 6985 1616 9907
1 2 9907 910
1 2 11833 910
2 6 11833 6875 9750 3885 9794 9904
2 5 910 9879 11861 967 925
3 6 9904 11882 963 3923 11803 6939
3 3 9904 11846 923
1 2 819 955
3 3 819 11803 6939
2 3 819 9826 923
2 3 955 11803 6939
3 3 6843 883 6939
3 4 11773 11874 11824 9772
3 24 599 9627 9596 596 665 6672 11630 9661 3700 3716 541 3484 9551 9567 3583 3414 6485 3485 3545 6534 11517 11401 9414 11542
3 22 11581 596 665 6672 11630 9661 3700 3716 541 3484 9551 9567 3583 3414 6485 3485 3545 6534 11517 11401 9414 11542
3 2 11581 3596
3 2 11581 9611
3 26 11901 591 3601 6650 3654 596 665 6672 11630 9661 3700 3716 541 3484 9551 9567 3583 3414 6485 3485 3545 6534 11517 11401 9414 11542
3 20 9611 6672 11630 9661 3700 3716 541 3484 9551 9567 3583 3414 6485 3485 3545 6534 11517 11401 9414 11542
3 28 6647 9595 6619 6614 3601 6650 3654 596 665 6672 11630 9661 3700 3716 541 3484 9551 9567 3583 3414 6485 3485 3545 6534 11517 11401 9414 11542
3 2 6647 619
3 3 3924 11816 6889
1 3 3924 11816 9894
3 29 3924 3974 3985 9586 6614 3601 6650 3654 596 665 6672 11630 9661 3700 3716 541 3484 9551 9567 3583 3414 6485 3485 3545 6534 11517 11401 9414 11542
1 2 6889 9894
3 2 6889 9821
1 2 11899 6799
3 31 11899 11872 6942 6957 3985 9586 6614 3601 6650 3654 596 665 6672 11630 9661 3700 3716 541 3484 9551 9567 3583 3414 6485 3485 3545 6534 11517 11401 9414 11542
3 29 6799 9591 9588 6619 6614 3601 6650 3654 596 665 6672 11630 9661 3700 3716 541 3484 9551 9567 3583 3414 6485 3485 3545 6534 11517 11401 9414 11542
3 4 6799 606 3609 11586
3 30 9894 6942 6957 3985 9586 6614 3601 6650 3654 596 665 6672 11630 9661 3700 3716 541 3484 9551 9567 3583 3414 6485 3485 3545 6534 11517 11401 9414 11542
1 3 9894 11845 9821
1 3 9894 11845 9821
3 2 12504 191
3 2 12504 10930
3 2 3614 11586
3 4 3614 614 6634 9602
3 3 3614 3617 619
3 4 11586 11583 6634 9602
3 3 9602 9756 9771
2 5 9874 11832 11857 935 949
1 2 9874 9849
1 3 9874 6940 3922
3 2 9874 3882
2 3 9874 6940 6913
2 2 9849 6913
1 8 3922 3939 6953 9906 11887 11868 935 949
1 2 3922 6913
3 2 3882 3865
2 6 3882 907 6886 6857 6990 9930
3 4 3882 907 935 949
3 4 3865 974 936 3844
1 3 3865 11856 9875
3 3 949 965 9771
3 4 949 3908 3937 6923
2 2 9612 9614
3 2 9783 9919
2 3 9783 11597 9614
2 4 6923 893 9791 9930
1 4 6923 9862 11905 3893
1 5 9919 9888 11905 11774 9930
3 4 9919 9902 11842 3893
3 3 9919 9902 922
2 5 3844 10163 3526 6990 9930
3 2 3844 3973
1 7 895 11818 3526 6857 9818 3937 6923
1 4 9930 11774 11905 3893
1 3 9805 3914 11786
3 2 3893 922
2 5 4109 1109 976 1205 12001
2 2 4109 7127
3 3 4109 3988 7096
1 3 9780 3896 6913
2 2 11984 7193
3 3 11829 9833 922
2 3 921 6956 11746
1 14 921 6888 3921 3890 6965 11797 9954 11853 652 7470 6935 1636 4755 1896
1 9 9932 9886 11853 652 7470 6935 1636 4755 1896
1 6 12318 864 6935 1636 4755 1896
2 3 12318 12476 1463
2 4 12318 10497 4512 12416
1 4 1463 7604 4755 1896
1 18 12416 11759 7620 9912 6813 3921 9761 3950 6919 9868 9886 11853 652 7470 6935 1636 4755 1896
2 3 12416 1578 1634
1 14 11746 6956 3921 3890 6965 11797 9954 11853 652 7470 6935 1636 4755 1896
2 2 12473 12029
2 4 12473 7671 6883 1634
2 4 12473 7140 1088 10087
3 3 12029 1088 10087
2 4 1634 10882 1938 10106
3 3 1634 901 12372
2 2 7151 7170
2 4 7151 10089 4017 4115
2 2 7170 1065
2 3 1065 1201 4206
2 2 1086 4206
2 2 1086 4088
2 3 4206 7107 7170
2 2 4206 4088
2 5 4088 4161 11979 1155 12049
1 3 4115 12101 1033
2 7 10106 10811 5014 1822 7604 4755 1896
3 4 10106 1600 8123 6826
3 3 10106 1600 12372
3 4 6826 8123 3795 12372
1 5 6826 1822 7604 4755 1896
2 2 6826 5098
2 2 6826 4943
3 3 2097 3795 12372
3 3 2097 12046 12839
3 3 12372 3795 12839
2 3 7977 78 829
1 11 7977 78 7953 1922 2065 8040 8125 10523 2071 12793 1896
1 10 2089 7953 1922 2065 8040 8125 10523 2071 12793 1896
2 2 2089 5005
3 4 3393 318 3281 3392
3 3 3393 318 6359
3 4 3392 3256 6306 6280
3 17 6359 6413 6340 11391 233 6459 341 222 319 3310 6324 11097 3053 6139 11032 6174 3151
3 3 6359 3309 6280
3 6 6280 560 6579 9554 6232 3203
3 4 3203 3293 3350 6292
3 8 3203 3507 3568 9506 6508 9477 463 9413
3 5 306 223 9351 289 9247
3 4 306 3247 3313 354
3 11 306 3297 6243 352 3345 11235 246 300 9366 3292 6262
3 6 306 3210 11336 6305 3390 3335
3 5 9247 11271 9289 342 6292
3 10 9247 9371 11355 9288 546 9506 6508 9477 463 9413
3 7 9247 9396 11383 371 398 3390 3335
3 4 6371 6220 11322 6292
3 12 6371 6326 11259 6242 3310 6324 11097 3053 6139 11032 6174 3151
3 6 6371 6326 9386 387 6293 354
3 10 6292 3378 6344 9288 546 9506 6508 9477 463 9413
3 22 6431 6483 11411 11550 3743 727 11689 744 11534 3577 6600 11705 754 9714 11703 11546 3403 6451 6478 6495 559 9413
3 15 3562 3407 3577 6600 11705 754 9714 11703 11546 3403 6451 6478 6495 559 9413
3 2 3562 3430
3 5 3562 11427 491 9454 572
3 5 3430 462 6509 6557 572
3 3 525 504 6497
3 6 525 11557 582 9437 6605 9413
3 12 6497 9451 11409 3575 11703 11546 3403 6451 6478 6495 559 9413
3 5 9413 11504 6507 9433 11437
3 5 9413 11462 3520 11526 3580
3 4 9413 3455 11397 418
3 10 9413 3455 501 6481 3492 9518 6577 534 11396 413
3 3 11649 3722 568
2 3 11649 705 3686
3 4 568 737 3755 11683
3 10 568 737 3573 588 11405 453 9479 6578 3557 9413
2 5 3686 6704 9677 9680 6741
3 10 11670 9698 11703 11546 3403 6451 6478 6495 559 9413
3 11 11683 3755 11715 3573 588 11405 453 9479 6578 3557 9413
3 6 11437 453 11452 11461 3531 418
3 9 6420 6776 3449 486 11461 3508 6578 3557 9413
3 5 6420 3421 6445 9430 9417
3 6 3580 580 6254 6330 3306 3335
3 7 3580 11244 11310 11368 11242 3292 6262
3 6 3580 457 3554 9579 11396 413
3 5 418 6554 9531 11487 523
3 7 418 9556 3409 11439 9489 9552 413
3 11 9417 9430 6493 6474 3479 502 11461 3508 6578 3557 9413
3 5 9417 11434 9461 9476 523
3 6 523 11513 9424 473 9552 413
3 31 3338 3075 11089 3064 9101 6088 3166 3079 9210 9133 196 23 9180 73 175 3004 12 256 11134 11239 6358 9267 6269 11338 9356 11362 3290 9282 6290 6396 6262
2 7 3338 3075 3065 183 11074 6091 11086
2 5 11096 6096 11175 155 11092
2 20 11096 6096 6021 3078 6159 3086 11137 3031 11071 11036 3160 60 6169 9184 57 70 9197 11068 149 3151
3 32 105 6538 6177 1295 9225 6121 6 6202 11025 9232 6133 9065 3167 9180 73 175 3004 12 256 11134 11239 6358 9267 6269 11338 9356 11362 3290 9282 6290 6396 6262
3 19 11092 155 11212 11094 6090 18 127 6109 6017 166 60 6169 9184 57 70 9197 11068 149 3151
3 4 11092 6094 9118 11159
3 5 6097 9199 11177 9110 11086
3 13 6097 3154 81 11083 3163 9107 9184 57 70 9197 11068 149 3151
3 7 6097 11189 11213 6143 9188 11166 121
3 25 11086 84 6190 9133 196 23 9180 73 175 3004 12 256 11134 11239 6358 9267 6269 11338 9356 11362 3290 9282 6290 6396 6262
3 6 11086 3164 9222 9043 143 6077
3 6 11086 3164 9222 9043 3135 9200
3 4 3151 6174 6197 117
3 10 11159 90 6057 11153 11059 70 9197 11068 149 3151
3 7 6245 3323 9046 6346 9345 11205 121
3 5 6245 6022 3176 3101 187
3 5 6245 9256 344 3358 9302
3 9 6245 9256 11236 9278 301 9348 6290 6396 6262
3 9 121 11205 9345 9278 301 9348 6290 6396 6262
3 5 121 3220 3190 97 6077
3 12 117 71 6035 3110 9060 194 11093 93 3085 81 3154 6097
3 6 117 71 6154 11191 110 187
3 7 117 11109 9234 320 248 11234 354
3 16 187 9333 11224 6264 11349 6303 11384 11254 9318 3345 11235 246 300 9366 3292 6262
3 7 187 9333 11224 9242 3344 9287 354
3 14 354 11272 6400 287 3279 11254 9318 3345 11235 246 300 9366 3292 6262
3 3 6380 11282 9302
3 4 6380 6414 6348 3263
3 6 6380 6414 9348 6290 6396 6262
3 3 9302 3327 3263
3 12 9302 401 335 11254 9318 3345 11235 246 300 9366 3292 6262
3 4 3263 3377 6396 6262
3 11 3263 382 3236 9366 11242 261 384 356 3318 6341 413
3 5 6262 6315 9313 9330 11379
3 6 11379 11268 11330 3290 301 6380
3 8 11379 11248 11294 9273 6230 6398 6341 413
3 7 11379 11248 11294 314 11258 11227 396
3 7 3335 6411 9384 9411 11242 3292 6262
3 8 413 6477 3318 3346 3199 3250 6315 6262
3 6 413 9448 9339 11323 11351 396
3 14 6327 11375 6299 9360 6362 3202 9311 6316 9235 11330 9282 6290 6396 6262
3 5 6327 11277 11394 11262 11309
3 10 6327 3303 11344 9407 6343 6284 11363 275 232 396
3 9 6327 11275 3261 3349 9270 6372 11255 11149 9370
3 7 6327 9325 3224 6253 9373 11356 6338
3 5 11309 6291 3221 3389 396
3 10 11309 6391 345 3334 6294 9244 9354 11339 9514 11496
3 6 11309 6391 324 3317 286 3276
3 13 6077 97 3190 3116 346 11338 9356 11362 3290 9282 6290 6396 6262
3 3 6077 3135 9200
3 17 9200 9136 135 256 11134 11239 6358 9267 6269 11338 9356 11362 3290 9282 6290 6396 6262
3 16 396 232 275 11363 6284 3322 3387 3339 214 6316 9235 11330 9282 6290 6396 6262
3 10 396 340 471 6587 544 487 579 3582 3555 3529
2 5 7375 11352 7346 6162 11124
2 7 7375 4372 12626 206 7403 6278 11320
2 8 7375 4372 12626 206 7431 6285 291 1278
2 7 7375 12216 361 3280 7320 10133 1821
3 35 7375 1754 12527 12187 11195 12587 7318 1307 10200 11133 3041 9155 9114 3146 6089 3167 9180 73 175 3004 12 256 11134 11239 6358 9267 6269 11338 9356 11362 3290 9282 6290 6396 6262
3 20 9370 11149 9050 9172 6149 12 256 11134 11239 6358 9267 6269 11338 9356 11362 3290 9282 6290 6396 6262
3 7 9370 6124 272 359 146 11193 11124
3 6 9370 6383 11263 282 11387 6338
3 5 9370 3264 3270 11365 11320
3 28 11124 11193 11133 3041 9155 9114 3146 6089 3167 9180 73 175 3004 12 256 11134 11239 6358 9267 6269 11338 9356 11362 3290 9282 6290 6396 6262
3 7 11124 6288 12203 4356 12244 6278 11320
3 6 6338 260 404 3394 3294 11320
3 4 6338 372 9514 11496
3 8 6338 11356 9373 6312 3197 345 6391 11309
3 6 11320 3294 3251 228 3214 11496
3 7 11320 6278 7403 7431 6285 291 1278
3 4 11496 355 11281 9271
3 8 11496 3214 10301 9385 3348 9349 273 1278
3 6 9271 11377 11225 9299 6302 3276
3 7 9271 11256 3265 4324 4283 1305 1278
3 14 9271 11377 11348 365 11321 11458 9473 3551 6601 11460 11395 6575 11484 3529
3 7 3276 6337 392 9354 11339 9514 11496
3 10 3529 498 3475 481 3413 11566 759 745 742 3726
3 10 3529 9504 11527 6454 11451 6528 9529 6553 9448 413
3 18 3726 742 745 3746 11724 6794 9581 11400 6503 3489 509 6544 9565 437 3504 6553 9448 413
3 19 1278 1305 4283 7343 1350 6379 3330 3486 497 6473 410 9473 3551 6601 11460 11395 6575 11484 3529
3 6 1278 1258 4265 10185 1334 12157
3 7 1278 1258 4265 4311 12200 4383 4215
3 17 6741 11729 3734 6768 6781 775 3417 3464 3478 509 6544 9565 437 3504 6553 9448 413
3 5 6741 11668 3760 9696 3720
2 8 6741 11668 719 717 3698 9663 11647 11617
3 17 3720 11681 735 9726 9742 775 3417 3464 3478 509 6544 9565 437 3504 6553 9448 413
2 8 3720 3717 6736 9691 714 9649 6674 654
2 6 3720 3717 6736 9691 6692 11617
3 2 6689 3672
1 14 6689 1455 6436 4534 1530 6671 6669 12441 10472 12376 4583 1636 4755 1896
3 3 11614 9647 3672
1 12 11614 11609 1530 6671 6669 12441 10472 12376 4583 1636 4755 1896
2 3 11614 9632 654
1 13 3672 670 11609 1530 6671 6669 12441 10472 12376 4583 1636 4755 1896
3 5 1821 10133 12287 1233 12157
3 4 12157 7401 10256 4215
3 27 12157 7401 4411 7233 10140 12198 12227 7313 7341 4294 1254 4322 3563 9420 6515 6424 9445 6473 410 9473 3551 6601 11460 11395 6575 11484 3529
3 20 4215 4261 1406 1210 12298 12128 9420 6515 6424 9445 6473 410 9473 3551 6601 11460 11395 6575 11484 3529
2 7 9512 7846 4754 10604 4710 4846 7895
3 4 9512 12521 7874 12619
1 34 7895 1744 10551 7898 12558 4298 11203 6121 6 6202 11025 9232 6133 9065 3167 9180 73 175 3004 12 256 11134 11239 6358 9267 6269 11338 9356 11362 3290 9282 6290 6396 6262
3 5 4681 10686 10613 7815 4724
3 4 10696 1709 10568 12619
3 6 10696 12679 4806 7687 7825 7274
3 4 1794 1297 12515 4665
3 2 2853 13059
2 2 2853 10589
2 2 12518 12551
2 4 12518 10572 4881 10598
3 5 4797 7838 4815 10664 4750
3 6 4797 10543 1810 7703 12610 10627
3 5 4797 7838 12647 7902 1735
3 4 4750 1803 4808 1735
3 2 1772 10598
3 6 12543 12660 7691 7844 1748 12694
3 9 957 6989 11750 6684 664 6686 11643 10466 12189
3 3 957 11879 3944
2 5 957 11879 6944 898 6822
3 9 12189 7266 3963 12136 1343 7249 4841 7868 1742
3 11 12189 10466 11643 6686 12500 6863 3815 6811 783 6806 3944
2 5 1742 1755 1820 1322 12446
1 9 1599 12380 12441 10472 12376 4583 1636 4755 1896
1 3 1599 12309 1539
1 10 654 3658 6669 12441 10472 12376 4583 1636 4755 1896
1 2 654 772
1 3 654 11599 11617
1 4 654 3658 3656 3653
1 3 772 11599 11617
1 2 772 3653
1 3 12320 12450 6642
1 4 12320 6997 4755 1896
1 3 12320 12450 1539
2 4 12320 12450 1467 9715
2 2 6642 9715
2 5 7661 1536 4614 11704 9715
1 6 7661 1536 12434 10454 4825 1896
1 10 1539 11708 12380 12441 10472 12376 4583 1636 4755 1896
2 4 1539 11674 1610 9715
1 3 9715 4825 1896
1 2 1896 12861
1 2 12861 4943
1 18 12861 2071 4553 4901 10454 4825 4755 1636 4583 12376 10472 12441 6669 6671 1530 11609 670 3672
1 2 5098 4943
1 2 5098 829
1 8 5098 12773 8040 8125 10523 2071 12793 1896
1 4 4943 2071 12793 1896
1 8 829 5050 8040 8125 10523 2071 12793 1896
1 7 10837 10922 8125 10523 2071 12793 1896
3 3 10837 12818 8093
3 2 8093 12748
1 3 2026 12756 1982
2 3 2026 1963 10828
1 9 2026 12756 2065 8040 8125 10523 2071 12793 1896
1 3 2026 4928 4966
2 3 10828 8031 4966
2 2 10828 12780
1 10 5005 5089 1922 2065 8040 8125 10523 2071 12793 1896
1 10 8117 5089 1922 2065 8040 8125 10523 2071 12793 1896
1 2 8117 10797
1 2 8117 4966
1 3 8117 10881 12780
1 10 4966 5089 1922 2065 8040 8125 10523 2071 12793 1896
1 2 4966 12780
2 2 7982 1889
3 2 13082 1889
2 2 13082 4891
1 4 13082 2070 12895 2101
2 2 1889 4891
3 4 5029 1957 5073 12748
2 2 5029 1521
2 4 5029 7491 12333 10510
2 3 5029 2000 4893
2 4 12748 5073 7573 1521
1 3 1521 12333 10510
1 2 5037 12883
1 5 12883 2033 8092 2095 1033
2 3 12727 7995 1955
2 2 12727 5024
2 3 8051 10791 5024
2 3 1955 12702 5024
1 2 10760 5049
1 2 10760 8020
1 2 5049 8020
2 2 2029 13079
3 4 2029 4976 4924 10840
2 2 10840 10752
1 2 10752 5074
3 5 10239 10308 1680 1662 12619
3 31 10239 4281 7326 7383 4277 10220 10277 12139 10164 7410 12227 7313 7341 4294 1254 4322 3563 9420 6515 6424 9445 6473 410 9473 3551 6601 11460 11395 6575 11484 3529
3 29 464 11455 6615 7322 12254 7370 7438 4322 3563 9420 6515 6424 3486 338 365 11321 9337 6339 3316 326 3477 483 3578 6539 3518 11423 6602 3555 3529
3 6 464 9469 11469 11552 432 508
3 7 12619 1309 4670 4685 7708 4661 10218
3 29 12619 1418 1229 12285 12115 12143 10140 12198 12227 7313 7341 4294 1254 4322 3563 9420 6515 6424 9445 6473 410 9473 3551 6601 11460 11395 6575 11484 3529
3 8 12619 1309 4670 12616 4806 7687 7825 7274
3 5 4492 12385 4773 10146 1591
2 3 4492 12658 12640
3 6 4492 10506 12340 12397 4636 4578
3 30 4492 12487 10508 12177 10275 7392 7337 10164 7410 12227 7313 7341 4294 1254 4322 3563 9420 6515 6424 9445 6473 410 9473 3551 6601 11460 11395 6575 11484 3529
2 5 1591 4224 12583 7706 12640
1 3 1591 4768 12511
2 4 1591 4845 12601 7866
2 3 1591 1840 1703
3 35 10218 7350 1287 10292 7407 7335 4389 1243 12121 10220 10277 12139 10164 7410 12227 7313 7341 4294 1254 4322 3563 9420 6515 6424 9445 6473 410 9473 3551 6601 11460 11395 6575 11484 3529
2 3 12640 10660 1459
2 5 12640 4686 10366 4636 4578
1 3 12640 10660 10488
3 3 1614 10395 7541
3 28 1614 1479 12471 4581 4300 4374 4303 1314 12294 10253 7370 7438 4322 3563 9420 6515 6424 9445 6473 410 9473 3551 6601 11460 11395 6575 11484 3529
3 2 1614 12324
3 4 7541 10395 10435 12324
3 24 7541 12474 12163 12108 12179 10253 7370 7438 4322 3563 9420 6515 6424 9445 6473 410 9473 3551 6601 11460 11395 6575 11484 3529
3 5 1459 10148 10366 4636 4578
3 4 1459 7682 4629 7775
2 3 1459 11687 1919
2 2 1459 10488
3 27 4578 7486 4581 4300 4374 4303 1314 12294 10253 7370 7438 4322 3563 9420 6515 6424 9445 6473 410 9473 3551 6601 11460 11395 6575 11484 3529
3 5 4578 7507 7501 4629 7775
2 2 1623 7775
2 4 1623 12161 9605 1632
2 3 7775 4629 1919
1 4 1919 11687 10187 10488
2 3 7917 1179 3456
1 4 7917 1179 7049 10735
1 3 10772 12041 12844
2 4 2086 4915 5086 1377
2 5 4045 12137 5086 4915 2086
1 3 4045 5055 1377
3 3 4045 2036 7080
3 2 4045 5096
3 5 4245 4062 4104 12063 10088
2 7 12010 11968 11929 4162 7124 12050 4245
1 4 12010 9991 1142 12090
3 5 10088 10116 12462 11978 10001
3 3 12886 4984 12844
3 2 12886 12829
2 4 12844 7998 2054 2086
3 4 12829 4971 2092 7080
3 16 12829 12743 8076 11993 7177 7060 10311 5063 1359 7411 10799 5032 4414 10897 1344 10278
2 5 12829 12743 7165 11952 7150
3 17 7080 10816 4106 12080 7205 7177 7060 10311 5063 1359 7411 10799 5032 4414 10897 1344 10278
2 5 7080 1949 4953 10801 12854
2 4 5096 4953 10801 12854
2 19 12854 10801 4953 11995 2105 12080 7205 7177 7060 10311 5063 1359 7411 10799 5032 4414 10897 1344 10278
2 3 12854 12799 4950
3 3 4950 10030 12781
3 11 12781 10311 5063 1359 7411 10799 5032 4414 10897 1344 10278
3 4 12781 5019 11950 12114
3 4 1317 8087 11950 12114
3 6 1317 10296 12779 7310 1344 10278
3 10 12114 11950 10324 5104 10259 10756 4414 10897 1344 10278
2 4 3456 10108 7084 10735
3 3 9975 7207 4132
2 3 9975 11952 7150
3 7 4132 7207 1144 4064 1147 4003 3456
3 14 7150 10019 4072 7060 10311 5063 1359 7411 10799 5032 4414 10897 1344 10278
3 12 1349 10270 4353 5063 1359 7411 10799 5032 4414 10897 1344 10278
3 8 12142 7411 10799 5032 4414 10897 1344 10278
3 5 12142 12295 7250 12105 12208
3 2 12208 1273
3 7 12208 4278 10208 8100 12734 1344 10278
3 14 1273 4395 7232 12182 4353 5063 1359 7411 10799 5032 4414 10897 1344 10278
3 2 10278 12180
3 5 10278 7436 1268 10246 4416
3 6 10278 7436 4420 10808 8067 7363
3 11 12180 7310 12779 10756 10259 5104 1359 5063 4353 10270 1349
3 4 4416 1409 7288 1321
3 3 4416 12247 7363
3 14 7363 8067 10808 12734 10897 4414 10756 10259 5104 1359 5063 4353 10270 1349
3 5 7363 8067 10808 12146 4344
3 3 7363 12275 7391
3 5 7363 10274 7447 1238 1321
3 6 4344 12146 8100 10897 1344 10278
3 2 4344 7391
3 8 7391 10190 7244 1412 8100 12734 1344 10278
3 4 7391 7447 1238 1321
3 2 7344 10201
3 2 7344 1213
3 3 10201 10287 1213
1 2 1330 12127
2 12 12090 1142 7122 997 7179 1075 9993 11929 4162 7124 12050 4245
1 17 4613 7218 10103 12075 1073 12065 1469 7137 7650 1597 7168 7128 10121 10080 1120 11945 1053
1 2 12210 4379
1 4 7404 7432 10317 4223
2 2 4075 1185
1 15 4075 12048 1073 12065 1469 7137 7650 1597 7168 7128 10121 10080 1120 11945 1053
1 3 4075 12048 1157
2 3 1185 4119 1157
2 14 1157 7093 10004 11926 7137 7650 1597 7168 7128 10121 10080 1120 11945 1053
1 4 4401 1396 12288 4223
3 3 10297 12255 12271
2 3 10297 1376 12215
3 4 12271 4367 4424 12299
1 4 12271 1392 10227 7329
2 5 12271 12255 4384 1376 12215
1 8 7329 1279 12131 7236 4371 1337 1394 12201
1 4 12905 1230 1304 12129
2 7 12905 2222 2170 8221 12280 10138 12110
1 3 1345 4364 12268
1 8 1345 1373 12415 7440 12138 7308 12209 4320
3 5 12268 10322 1274 1313 4320
1 6 12268 4381 10294 12415 7368 10382
1 6 1277 12181 12343 12212 1373 1345
2 4 1277 12181 10354 10382
2 4 1277 7463 12302 10522
2 8 4320 12209 7308 12138 7440 12415 7368 10382
3 5 4320 4361 1342 10279 7381
2 4 10509 12488 8360 10522
1 5 10382 10354 1460 4446 10522
3 3 7642 12277 1413
2 5 7642 10135 12293 4390 4608
2 3 1413 4390 4608
3 5 4608 10479 12472 7654 4273
3 4 12110 1225 1416 12252
2 8 12110 10138 12280 10310 12955 4335 1304 12129
2 6 12129 1304 1230 2170 2184 12110
3 9 7598 4308 12358 1098 4307 4262 1289 10169 7311
3 3 10191 7293 4273
2 6 10265 1221 12236 10306 1372 12279
3 4 12279 4228 1311 1340
2 9 1340 4373 1224 4269 1293 12188 1379 1407 4241
2 6 7360 7417 10300 12273 7445 4241
3 4 4801 12686 4729 12669
2 6 4801 4732 10704 7806 12541 4858
3 4 12669 7806 12541 4858
2 12 12669 10558 7803 12750 8127 8081 10880 12356 1458 4074 12300 4469
1 15 4858 7864 1781 7727 4783 10899 12750 8127 8081 10880 12356 1458 4074 12300 4469
1 4 4858 12614 12675 7799
2 6 10627 1877 7773 10669 4777 7799
3 3 1083 10017 7222
1 4 7104 4173 10014 7191
3 2 7222 1146
3 3 1001 10008 1146
3 9 1146 10008 7094 12036 10064 4158 9959 7035 1083
3 4 11771 987 11815 9835
3 3 11771 846 9831
3 9 11771 987 3895 3839 6860 9918 912 9790 4052
3 5 9835 3934 9788 6893 9831
2 4 9835 6837 11886 3900
3 4 4196 7027 11986 7071
3 5 4196 1166 12057 1006 4053
3 4 7071 12084 7099 4053
3 4 7071 10010 10093 7182
3 3 4053 7141 7182
3 10 4053 1006 10084 1110 9984 4038 4185 1153 7035 1083
3 3 4053 10112 1053
1 3 12882 556 5025
1 7 12882 7397 4313 11448 7270 10490 10750
1 4 12882 7911 2006 1976
2 3 5025 1647 10733
1 12 5025 4939 8049 5007 6932 11931 4606 1180 10421 4538 12344 4469
3 3 1047 1202 4050
3 5 1047 12095 1120 11945 1053
3 5 7182 7141 1078 1162 4050
3 4 7182 7141 4081 1053
2 11 11981 10105 1131 7044 4152 7210 10121 10080 1120 11945 1053
3 4 4050 1162 11945 1053
1 5 4504 10616 8095 7577 7521
2 6 4504 10616 4325 1010 11972 12819
2 3 7521 4480 12017
2 4 7521 7577 1474 10006
3 3 9958 10364 4066
3 4 9958 10364 12012 7459
3 8 9958 10364 7540 10434 4158 9959 7035 1083
3 3 9958 1139 4144
3 7 4066 7540 10434 4158 9959 7035 1083
3 7 7459 7568 10434 4158 9959 7035 1083
3 2 7459 7580
2 3 7459 4519 10474
1 6 4144 7074 10421 4538 12344 4469
3 3 7580 9934 7625
3 3 7580 4009 10474
3 4 7625 9934 4009 10474
3 10 4619 1036 10114 7653 3992 4038 4185 1153 7035 1083
3 3 4619 1036 1628
2 6 10474 7019 12408 5092 7301 1976
3 4 7097 10517 12310 12017
3 4 7097 13143 12350 9982
3 4 7097 10517 7665 10006
3 10 7097 1640 11988 7653 3992 4038 4185 1153 7035 1083
3 4 7097 1640 12495 10057
3 5 12017 12310 7502 12350 9982
3 3 12017 7665 10006
2 7 12017 10377 7159 11918 9970 9942 1053
3 3 9982 4183 10057
3 4 9982 7004 9942 1053
1 5 4525 10451 4074 12300 4469
3 5 9831 930 4633 4506 1588
2 9 9831 11836 9927 6852 934 6898 3814 9905 3900
3 2 10076 12052
3 2 7014 12052
2 8 7014 12076 4042 7120 4105 1171 12061 1083
3 7 12052 10034 7120 4105 1171 12061 1083
3 9 11928 4091 1089 11982 996 1099 1171 12061 1083
3 5 7054 4185 1153 7035 1083
3 8 10057 7172 9984 4038 4185 1153 7035 1083
3 3 10057 7199 1053
3 9 1053 12030 1110 9984 4038 4185 1153 7035 1083
3 10 1588 4592 4649 10379 7670 12482 6811 783 6806 3944
2 4 3944 6944 898 6822
2 4 10750 12846 7940 4914
1 3 4914 12899 5080
1 2 10733 1976
1 7 4593 8235 7570 10990 10423 12400 12240
1 5 4593 1602 1617 4635 10147
2 14 4089 10102 1069 7160 9987 12069 7025 11973 10040 4079 4158 9959 7035 1083
1 4 4089 10102 12045 4037
1 5 4089 12074 7089 4157 9971
3 11 4037 10072 12069 7129 10098 10079 9937 4158 9959 7035 1083
3 4 4037 7055 1154 9971
2 14 12093 1084 1069 7160 9987 12069 7025 11973 10040 4079 4158 9959 7035 1083
3 13 9971 1029 7200 12055 7025 7085 9995 10079 9937 4158 9959 7035 1083
1 3 1531 1034 1575
2 2 4925 12141
3 2 4925 1367
1 3 7256 12767 1367
2 5 12141 1395 7240 8026 1367
2 2 12141 12819
1 4 6999 7240 8026 1367
1 3 7866 7850 4709
1 3 1703 4770 4709
3 4 4052 7171 10083 848
2 9 6822 959 6922 3852 3981 6928 11770 7171 4052
2 3 848 11958 1148
3 4 1054 10085 11977 7175
3 3 1054 12060 4056
3 3 1054 12085 11948
3 4 11948 10110 4126 7175
3 3 1092 10052 11985
3 5 1092 9968 1167 10055 9985
3 7 11985 7050 1191 7145 1167 10055 9985
3 2 11985 1025
3 9 12352 10444 7532 3962 9859 11847 6870 1165 7169
3 3 12352 1642 4646
3 11 4646 7595 10512 10444 7532 3962 9859 11847 6870 1165 7169
3 3 1117 4122 4118
3 5 1117 11989 4000 993 1182
3 3 1117 11989 10015
3 2 1182 4188
3 2 1182 1097
3 5 1182 993 4000 11908 10015
3 6 4188 4100 993 4000 11908 10015
3 4 1097 11908 11989 1117
3 3 1097 12072 7087
3 2 7072 11960
3 5 7072 1051 4054 4142 10125
3 3 7072 12031 9985
3 3 11960 1136 9985
3 4 11960 1067 4172 10125
3 3 1025 7110 9950
3 2 1025 10020
3 4 9950 7110 4164 10020
3 4 10020 10092 7046 7197
3 3 7169 1024 4118
3 4 7169 12056 1063 9865
3 4 7169 4067 11930 1117
3 4 4118 7016 4100 1182
3 5 9865 1063 4067 11930 1117
3 3 10125 12097 7087
3 3 10125 7187 10015
3 4 7087 7157 9998 1182
3 3 7087 10100 10015
2 2 4097 7215
1 3 4097 7173 4154
3 2 10070 7069
3 2 9945 10113
3 4 10113 12087 4199 7215
2 2 4139 1102
1 4 4139 4108 7203 5046
2 3 1102 7203 5046
3 3 1102 11943 7069
1 2 5046 8111
2 3 4154 7958 12018
3 4 1145 11939 7166 4046
2 2 1145 4131
3 6 1145 9964 1013 11923 4150 4116
2 3 4046 7166 4131
2 4 4046 10078 12051 11953
3 6 4046 10078 12051 7081 1160 4163
1 5 4131 13077 7065 9976 11953
1 3 4131 7033 9960
2 4 12760 10045 4150 4116
1 3 12760 7040 9960
3 2 7132 4116
2 4 7132 4150 10045 12760
3 3 4116 3991 12018
2 4 9960 1126 13074 12018
3 3 11969 9994 4163
3 4 11954 10123 12094 4151
3 3 11964 10005 7011
3 3 11964 7091 4076
3 5 4076 4145 1071 11910 10061
2 3 10061 11967 9989
3 2 12049 7011
3 2 10031 1068
3 2 1206 1028
2 3 1206 12771 8105
3 2 12071 1028
2 2 5034 5077
2 2 5034 12710
2 2 5034 12710
2 2 5077 12710
3 2 4989 7972
3 2 4989 12834
2 2 12710 7972
2 2 12710 4948
2 2 7972 4948
3 2 12834 12891
3 2 5045 4927
3 2 5045 8008
3 2 2012 10829
1 2 2044 10788
1 3 8116 7930 10788
1 2 8116 12851
1 2 2056 12762
1 2 2056 1891
2 3 4978 4897 3123
2 3 4978 1473 5060
3 2 12806 10743
3 5 12806 1914 12887 12800 7912
3 4 12806 7925 12826 12796
3 3 12806 10795 2016
3 2 10743 10784
3 5 10743 1914 12887 12800 7912
2 4 10784 12881 12826 12796
1 3 10784 12862 2040
1 4 12725 2003 5047 5091
2 5 2016 10795 12887 12800 7912
2 3 2016 10851 12744
2 3 12744 12800 7912
3 2 12744 10908
2 2 1960 5060
2 4 1960 8052 4033 10908
2 2 10908 1953
3 2 10908 7996
2 3 10908 10877 7912
2 2 1953 7996
1 2 5097 4954
1 2 5097 5010
1 2 2040 4954
1 2 2040 2009
1 2 4954 5010
1 2 4954 2009
1 2 5010 10734
1 3 5010 12856 2009
1 2 10734 7912
1 2 10734 8019
1 2 7912 2009
1 2 7912 8019
3 4 2009 12887 1914 12806
2 4 8019 8062 8133 12927
2 4 12757 5068 10833 12759
2 7 1966 10891 10818 12840 5065 12991 10928
2 4 1966 10891 12814 12759
3 2 7959 8006
3 2 8006 10762
3 2 10803 12742
2 2 8065 7983
3 2 8071 12851
2 2 8071 8096
2 2 12851 7983
3 2 12742 12787
3 2 1951 10919
3 2 10919 2050
2 2 12762 12817
3 2 2050 4952
2 2 12731 2050
3 2 12731 12817
2 2 2050 4952
3 2 4952 8034
3 3 4952 8034 10831
3 2 4952 8034
3 2 8034 10831
1 2 1969 4972
1 2 1969 1891
1 2 6039 5036
2 2 6039 2080
2 2 6039 10831
1 2 2080 5054
1 2 2080 8244
1 2 2080 10948
1 2 12719 3165
1 2 8244 10948
1 4 8207 12975 8193 5117
1 2 8207 12975
1 2 8193 5117
1 3 8193 10071 988
1 3 5117 12775 8016
1 3 5117 12925 8219
1 2 7716 8016
2 3 191 1817 12907
3 2 191 10930
1 3 12907 7161 10766
1 2 10766 1181
1 2 10766 8048
1 2 1181 12783
2 3 1181 3854 7088
1 2 1181 9962
1 3 8048 10951 988
1 2 8048 8016
1 3 988 7219 8016
2 2 12783 7088
2 2 8248 8219
2 3 8248 5158 12958
1 4 2115 10968 12925 5117
1 2 2115 12975
2 3 12958 8138 8202
3 2 10538 7872
3 2 7872 1874
3 2 10930 10594
3 2 12989 7088
3 2 12989 12929
2 3 7088 3854 9962
3 3 7088 3854 4171
2 3 12929 5160 10860
3 2 5210 10976
2 2 9962 4171
3 2 2196 8182
3 2 8182 12944
3 2 8245 8178
2 2 8245 7900
3 2 5155 2120
3 2 5155 12971
3 2 2120 5155
3 2 2120 12971
3 2 12971 5164
3 2 2123 5164
3 2 5164 2180
2 2 10929 7842
3 2 10929 1874
3 2 4851 1874
3 2 1874 1580
3 2 1580 7770
3 2 4879 7770
1 2 4879 2207
2 3 12589 10415 4528
3 2 5231 12648
3 2 5231 10697
3 2 4696 1833
3 2 1833 7576
2 2 7576 4556
3 2 7576 1468
3 4 12648 12064 1494 8178
2 2 12648 4556
2 2 4556 1468
2 3 4556 1494 8178
3 4 10400 12064 1494 8178
3 2 10400 5217
3 2 10400 2171
3 3 5217 5106 2171
3 2 5217 8214
2 3 2171 1494 4556
2 2 2171 7900
3 2 1468 8178
2 2 8178 7900
1 2 5128 10993
1 2 5128 10993
1 2 10993 5128
1 2 10993 5128
2 9 8119 7964 12859 1892 12461 1562 7517 11757 9814
2 8 2069 12833 13215 12461 1562 7517 11757 9814
3 4 4908 4977 1945 8057
3 2 12827 10809
1 2 10800 7973
3 2 4946 8057
3 3 4946 7921 12873
2 2 4956 10172
2 2 4956 2011
3 2 10172 12873
3 2 12873 12746
3 2 12810 10889
3 2 12810 8089
3 2 12810 10773
2 3 10889 2021 12867
3 2 10889 10773
1 4 12867 1900 12753 10886
1 2 12867 4904
3 3 8032 5066 10730
3 2 1965 8089
3 2 8089 10773
3 2 10773 10730
1 2 12715 4904
1 4 4904 4991 13085 10886
3 2 10886 12823
1 4 2077 4991 10842 10886
3 3 12823 13093 12865
3 2 12823 8017
3 2 12865 8017
2 2 2031 12865
2 2 12738 12865
3 2 12738 12865
3 2 12865 8017
1 2 13087 12878
2 2 12878 4611
1 3 7630 10482 4969
3 2 4611 1633
3 3 4982 12828 10906
2 2 4982 12716
3 2 10906 12885
2 2 12885 4934
1 2 12716 10849
1 3 12716 1981 10767
3 2 10747 7993
3 2 10747 5026
3 3 7993 1887 5026
2 3 4969 10864 12790
1 3 4969 12872 10790
3 3 12790 1937 8056
3 3 8056 1937 12772
2 2 7991 8047
2 2 2007 5026
3 3 8113 8024 8080
2 3 8080 10736 10849
2 3 8080 10823 10767
2 2 12772 2052
2 4 2052 1997 5088 4526
1 4 10849 10879 10823 10767
1 2 10849 5214
2 3 12798 5051 8252
2 2 12798 8047
3 2 8252 8047
1 4 8213 10970 5162 10942
1 2 8213 2198
2 2 12969 8199
1 2 12969 12983
3 2 12997 2225
1 2 5166 2182
1 2 2182 2210
1 3 2182 8225 5230
1 4 2182 10940 5188 12917
1 4 12994 5171 11000 5228
3 3 11008 10947 5167
3 2 11008 8181
1 3 5230 13195 10952
1 4 5230 8225 5188 12917
2 2 12973 12902
1 2 12973 10982
3 3 12902 8189 10959
1 4 10982 10996 8225 5230
1 3 10982 8211 12917
1 2 10982 12939
1 2 12917 12939
3 2 5228 8194
1 3 5228 5192 8253
1 4 5228 12914 12928 2136
1 3 8194 2179 650
1 2 2152 2173
1 2 2173 8238
1 8 2194 12901 4587 1583 11003 12972 10360 10513
3 3 12364 12351 10390
3 3 12364 1555 1568
3 4 12364 12379 4573 7621
1 2 12364 10515
3 4 10390 10402 1555 1568
1 3 10390 12351 10515
3 2 1568 7621
2 2 1568 1624
1 7 1568 12394 10418 10375 8208 10985 12942
2 2 7621 1624
1 8 1624 4602 12394 10418 10375 8208 10985 12942
1 4 12942 10985 8208 10390
1 4 10975 10985 8208 10390
1 2 5232 12939
1 2 5232 8172
1 2 12853 5220
3 2 12951 10959
2 7 12951 8224 1583 11003 12972 10360 10513
3 2 10959 5115
3 7 10959 2181 12937 5186 12972 10360 10513
2 7 12951 8224 1583 11003 12972 10360 10513
3 4 5107 8179 2175 10933
3 2 5168 10939
3 3 10939 10998 8143
3 4 10939 10998 1524 4617
3 2 8143 10946
3 2 8143 4617
3 2 10946 4617
3 2 7589 12938
3 4 7589 4570 12909 5223
3 5 7589 8226 12334 2185 12479
3 4 7589 8226 12334 10980
3 3 12938 10931 5223
3 4 12938 7476 8210 12479
3 4 12479 2185 5172 10980
3 2 12479 10432
3 3 12479 10360 10513
3 3 10980 5172 10432
3 2 10513 10432
3 2 10513 5167
3 3 10432 5112 5167
3 3 5167 7553 8181
2 6 8181 2109 11003 12972 10360 10513
1 4 8181 4533 10405 4548
1 10 7581 5110 12466 5178 4587 1583 11003 12972 10360 10513
3 2 12406 7520
3 4 12406 10388 7496 7450
3 3 12406 4864 7859
3 2 7520 7450
3 12 7520 7496 7471 4658 4453 8234 12968 2114 2130 2155 4776 7798
3 12 7450 7496 7471 4478 4453 8234 12968 2114 2130 2155 4776 7798
3 5 7450 1611 10458 10445 7564
3 5 7450 1611 10458 12451 7592
3 9 7859 10682 4836 12377 4500 4478 7471 7496 7450
3 5 7859 12560 4763 10622 10637
3 3 7859 1861 10581
3 3 7798 1759 10637
3 4 7798 12576 7755 10581
3 2 10637 10581
3 10 10581 1667 10455 4836 12377 4500 4478 7471 7496 7450
3 2 7564 7535
3 3 7564 10430 7592
3 3 7535 4530 7592
3 9 7592 1570 2116 12934 8249 2130 2155 4776 7798
3 4 4505 7525 1501 2166
3 15 12910 12924 1773 4791 4776 2155 2146 5134 11019 7533 4453 4658 7471 7496 7450
3 2 12910 7567
3 4 2219 8186 5225 7567
3 2 2219 8220
2 9 8220 5183 5197 12948 2191 12976 12990 11011 1526
3 3 1652 2157 5175
3 2 5175 1526
3 6 5207 8247 8209 2201 8152 5125
2 10 12604 12617 4804 1814 12632 8204 8212 12966 2203 2211
2 4 2211 2203 5195 2197
1 5 10147 12107 10954 12428 12240
3 10 10495 4653 1485 10394 638 10492 7583 860 7422 12735
3 11 589 6488 3524 9443 6535 6622 3512 3444 11456 391 68
1 7 923 11882 9794 3885 9750 6875 11833
2 2 4948 12710
1 10 12215 1364 4310 1279 12131 7236 4371 1337 1394 12201
2 11 6913 937 982 3956 3984 6998 9906 11887 11868 935 949
3 3 9821 9809 6913
2 9 9821 11858 982 3956 3984 6970 6953 6940 9874
3 12 9412 9567 3583 3414 6485 3485 3545 6534 11517 11401 9414 11542
3 19 508 9526 11537 3404 6473 11321 9337 6339 3316 326 3477 483 3578 6539 3518 11423 6602 3555 3529
3 2 12683 12551
1 3 12975 8193 5117
3 6 10598 4881 1805 1878 10701 10641
2 2 10641 10589
2 3 13059 4812 12687
3 3 13059 10557 12608
2 3 12687 4812 10688
2 3 12687 1741 10631
2 5 7707 4785 10544 1777 4724
3 3 7707 7805 10631
3 3 10688 10628 10631
3 4 1735 4703 10628 10631
3 35 1664 3169 10677 12393 7898 12558 4298 11203 6121 6 6202 11025 9232 6133 9065 3167 9180 73 175 3004 12 256 11134 11239 6358 9267 6269 11338 9356 11362 3290 9282 6290 6396 6262
3 33 9205 11182 9121 10579 1295 9225 6121 6 6202 11025 9232 6133 9065 3167 9180 73 175 3004 12 256 11134 11239 6358 9267 6269 11338 9356 11362 3290 9282 6290 6396 6262
2 5 12563 12628 7713 1813 4750
3 5 10631 1697 12523 7876 4750
