1 68
1 100
1 105
1 117
1 121
1 156
1 187
1 191
1 241
1 276
1 306
1 321
1 322
1 351
1 354
1 362
1 383
1 396
1 413
1 417
1 418
1 464
1 466
1 485
1 493
1 495
1 508
1 512
1 514
1 516
1 521
1 523
1 525
1 529
1 540
1 563
1 568
1 571
1 572
1 575
1 587
1 589
1 590
1 599
1 619
1 646
1 650
1 651
1 654
1 657
1 663
1 673
1 674
1 678
1 688
1 692
1 693
1 695
1 701
1 720
1 736
1 751
1 758
1 772
1 773
1 778
1 788
1 819
1 829
1 831
1 848
1 853
1 857
1 875
1 895
1 908
1 910
1 911
1 921
1 922
1 923
1 925
1 949
1 955
1 957
1 988
1 1001
1 1025
1 1028
1 1033
1 1047
1 1053
1 1054
1 1065
1 1068
1 1083
1 1086
1 1092
1 1097
1 1102
1 1117
1 1132
1 1145
1 1146
1 1148
1 1157
1 1181
1 1182
1 1185
1 1206
1 1213
1 1273
1 1277
1 1278
1 1284
1 1317
1 1321
1 1330
1 1340
1 1345
1 1347
1 1349
1 1352
1 1367
1 1377
1 1408
1 1413
1 1459
1 1463
1 1468
1 1480
1 1521
1 1526
1 1531
1 1539
1 1568
1 1575
1 1580
1 1588
1 1591
1 1595
1 1599
1 1614
1 1615
1 1623
1 1624
1 1628
1 1632
1 1633
1 1634
1 1652
1 1658
1 1664
1 1703
1 1735
1 1742
1 1770
1 1772
1 1789
1 1794
1 1804
1 1821
1 1833
1 1836
1 1843
1 1867
1 1874
1 1889
1 1891
1 1896
1 1919
1 1951
1 1953
1 1955
1 1960
1 1965
1 1966
1 1969
1 1976
1 1982
1 2007
1 2009
1 2011
1 2012
1 2016
1 2026
1 2029
1 2040
1 2044
1 2050
1 2052
1 2056
1 2069
1 2077
1 2080
1 2086
1 2089
1 2097
1 2101
1 2115
1 2120
1 2123
1 2136
1 2152
1 2166
1 2171
1 2173
1 2180
1 2182
1 2194
1 2196
1 2197
1 2198
1 2207
1 2210
1 2211
1 2219
1 2225
1 2853
1 3010
1 3061
1 3083
1 3123
1 3151
1 3152
1 3165
1 3203
1 3234
1 3263
1 3273
1 3276
1 3295
1 3320
1 3326
1 3335
1 3338
1 3379
1 3380
1 3386
1 3392
1 3393
1 3422
1 3430
1 3456
1 3473
1 3516
1 3522
1 3529
1 3535
1 3544
1 3552
1 3553
1 3562
1 3569
1 3576
1 3580
1 3581
1 3585
1 3594
1 3596
1 3614
1 3653
1 3659
1 3663
1 3671
1 3672
1 3674
1 3686
1 3690
1 3701
1 3703
1 3715
1 3720
1 3726
1 3731
1 3732
1 3750
1 3768
1 3773
1 3775
1 3778
1 3780
1 3816
1 3844
1 3847
1 3865
1 3866
1 3878
1 3882
1 3893
1 3900
1 3922
1 3924
1 3944
1 3946
1 3957
1 3972
1 3973
1 3975
1 3976
1 4037
1 4045
1 4046
1 4050
1 4052
1 4053
1 4056
1 4066
1 4075
1 4076
1 4080
1 4088
1 4089
1 4097
1 4109
1 4115
1 4116
1 4118
1 4131
1 4132
1 4139
1 4144
1 4151
1 4154
1 4163
1 4171
1 4188
1 4196
1 4206
1 4215
1 4223
1 4241
1 4245
1 4273
1 4296
1 4320
1 4344
1 4345
1 4379
1 4401
1 4416
1 4426
1 4430
1 4445
1 4449
1 4469
1 4492
1 4504
1 4505
1 4518
1 4525
1 4526
1 4528
1 4548
1 4556
1 4569
1 4578
1 4593
1 4601
1 4608
1 4611
1 4613
1 4617
1 4619
1 4646
1 4665
1 4681
1 4696
1 4709
1 4724
1 4736
1 4738
1 4742
1 4750
1 4765
1 4797
1 4801
1 4830
1 4851
1 4858
1 4860
1 4865
1 4872
1 4875
1 4879
1 4891
1 4893
1 4904
1 4908
1 4914
1 4925
1 4927
1 4934
1 4943
1 4946
1 4948
1 4950
1 4952
1 4954
1 4956
1 4966
1 4969
1 4972
1 4978
1 4982
1 4989
1 5005
1 5010
1 5024
1 5025
1 5026
1 5029
1 5034
1 5036
1 5037
1 5046
1 5049
1 5054
1 5060
1 5074
1 5077
1 5080
1 5091
1 5096
1 5097
1 5098
1 5107
1 5115
1 5117
1 5125
1 5128
1 5155
1 5164
1 5166
1 5167
1 5168
1 5175
1 5207
1 5210
1 5214
1 5217
1 5220
1 5223
1 5228
1 5230
1 5231
1 5232
1 6039
1 6050
1 6077
1 6097
1 6103
1 6104
1 6115
1 6176
1 6237
1 6245
1 6262
1 6280
1 6282
1 6287
1 6292
1 6314
1 6318
1 6322
1 6327
1 6332
1 6336
1 6338
1 6349
1 6359
1 6371
1 6377
1 6380
1 6384
1 6389
1 6418
1 6420
1 6431
1 6444
1 6446
1 6469
1 6497
1 6521
1 6524
1 6531
1 6536
1 6542
1 6549
1 6558
1 6560
1 6573
1 6583
1 6594
1 6606
1 6626
1 6630
1 6631
1 6642
1 6647
1 6657
1 6683
1 6689
1 6695
1 6696
1 6697
1 6700
1 6710
1 6711
1 6723
1 6729
1 6732
1 6741
1 6747
1 6766
1 6778
1 6779
1 6780
1 6788
1 6799
1 6800
1 6812
1 6817
1 6822
1 6826
1 6843
1 6845
1 6855
1 6867
1 6882
1 6889
1 6890
1 6906
1 6913
1 6923
1 6939
1 6973
1 6999
1 7014
1 7054
1 7069
1 7071
1 7072
1 7080
1 7087
1 7088
1 7096
1 7097
1 7104
1 7127
1 7132
1 7138
1 7150
1 7151
1 7169
1 7170
1 7175
1 7182
1 7183
1 7191
1 7193
1 7197
1 7202
1 7213
1 7215
1 7222
1 7236
1 7239
1 7256
1 7274
1 7289
1 7311
1 7329
1 7344
1 7360
1 7361
1 7363
1 7375
1 7377
1 7379
1 7381
1 7391
1 7394
1 7404
1 7442
1 7450
1 7458
1 7459
1 7480
1 7520
1 7521
1 7524
1 7535
1 7541
1 7552
1 7564
1 7567
1 7576
1 7580
1 7581
1 7589
1 7592
1 7598
1 7621
1 7625
1 7630
1 7642
1 7661
1 7707
1 7716
1 7725
1 7753
1 7760
1 7770
1 7775
1 7787
1 7798
1 7799
1 7821
1 7840
1 7842
1 7845
1 7859
1 7866
1 7872
1 7895
1 7900
1 7912
1 7917
1 7936
1 7959
1 7972
1 7973
1 7977
1 7982
1 7983
1 7991
1 7993
1 7996
1 8006
1 8008
1 8016
1 8017
1 8019
1 8020
1 8032
1 8034
1 8047
1 8048
1 8051
1 8056
1 8057
1 8065
1 8070
1 8071
1 8080
1 8089
1 8093
1 8096
1 8105
1 8111
1 8113
1 8116
1 8117
1 8119
1 8143
1 8172
1 8178
1 8181
1 8182
1 8193
1 8194
1 8199
1 8202
1 8207
1 8213
1 8214
1 8219
1 8220
1 8238
1 8244
1 8245
1 8248
1 8252
1 8253
1 9088
1 9169
1 9200
1 9205
1 9206
1 9247
1 9250
1 9271
1 9279
1 9297
1 9302
1 9303
1 9317
1 9334
1 9340
1 9347
1 9370
1 9412
1 9413
1 9417
1 9431
1 9434
1 9438
1 9450
1 9472
1 9483
1 9496
1 9503
1 9507
1 9511
1 9512
1 9517
1 9536
1 9546
1 9548
1 9570
1 9601
1 9602
1 9607
1 9611
1 9612
1 9614
1 9617
1 9620
1 9648
1 9660
1 9670
1 9671
1 9687
1 9692
1 9699
1 9711
1 9713
1 9715
1 9727
1 9730
1 9734
1 9737
1 9764
1 9767
1 9771
1 9772
1 9774
1 9780
1 9783
1 9800
1 9805
1 9810
1 9814
1 9817
1 9821
1 9831
1 9835
1 9839
1 9849
1 9865
1 9874
1 9875
1 9894
1 9898
1 9904
1 9907
1 9909
1 9919
1 9930
1 9932
1 9945
1 9950
1 9958
1 9960
1 9962
1 9971
1 9975
1 9982
1 9985
1 9989
1 10001
1 10006
1 10015
1 10020
1 10031
1 10057
1 10061
1 10063
1 10070
1 10076
1 10087
1 10088
1 10106
1 10113
1 10125
1 10147
1 10172
1 10191
1 10201
1 10218
1 10239
1 10265
1 10278
1 10297
1 10337
1 10341
1 10382
1 10390
1 10400
1 10432
1 10439
1 10474
1 10488
1 10495
1 10509
1 10510
1 10513
1 10515
1 10516
1 10522
1 10538
1 10552
1 10581
1 10589
1 10594
1 10598
1 10627
1 10631
1 10637
1 10641
1 10657
1 10688
1 10696
1 10697
1 10711
1 10728
1 10730
1 10733
1 10734
1 10735
1 10743
1 10747
1 10750
1 10752
1 10760
1 10762
1 10767
1 10772
1 10773
1 10784
1 10788
1 10790
1 10797
1 10798
1 10800
1 10803
1 10809
1 10828
1 10829
1 10831
1 10837
1 10840
1 10849
1 10860
1 10886
1 10889
1 10906
1 10908
1 10919
1 10928
1 10929
1 10930
1 10933
1 10939
1 10942
1 10946
1 10948
1 10952
1 10959
1 10975
1 10976
1 10980
1 10982
1 10993
1 11008
1 11086
1 11092
1 11096
1 11105
1 11121
1 11124
1 11127
1 11147
1 11151
1 11159
1 11207
1 11215
1 11218
1 11274
1 11293
1 11309
1 11318
1 11320
1 11360
1 11366
1 11370
1 11379
1 11388
1 11399
1 11417
1 11430
1 11435
1 11437
1 11446
1 11463
1 11483
1 11486
1 11494
1 11496
1 11506
1 11516
1 11539
1 11542
1 11544
1 11545
1 11558
1 11562
1 11570
1 11581
1 11586
1 11589
1 11600
1 11602
1 11604
1 11610
1 11614
1 11617
1 11627
1 11639
1 11640
1 11646
1 11649
1 11650
1 11666
1 11670
1 11672
1 11683
1 11695
1 11702
1 11707
1 11716
1 11742
1 11746
1 11758
1 11771
1 11773
1 11786
1 11794
1 11798
1 11800
1 11805
1 11829
1 11833
1 11834
1 11841
1 11899
1 11901
1 11928
1 11948
1 11953
1 11954
1 11960
1 11964
1 11969
1 11981
1 11984
1 11985
1 12001
1 12010
1 12017
1 12018
1 12029
1 12049
1 12052
1 12071
1 12090
1 12093
1 12110
1 12114
1 12127
1 12129
1 12141
1 12142
1 12149
1 12157
1 12180
1 12189
1 12208
1 12210
1 12215
1 12240
1 12252
1 12268
1 12271
1 12279
1 12299
1 12305
1 12318
1 12320
1 12324
1 12341
1 12352
1 12364
1 12372
1 12384
1 12406
1 12416
1 12446
1 12458
1 12473
1 12479
1 12489
1 12501
1 12504
1 12511
1 12518
1 12543
1 12551
1 12563
1 12578
1 12588
1 12589
1 12603
1 12604
1 12608
1 12619
1 12627
1 12640
1 12648
1 12651
1 12667
1 12669
1 12683
1 12685
1 12687
1 12694
1 12710
1 12715
1 12716
1 12719
1 12725
1 12727
1 12731
1 12735
1 12738
1 12742
1 12744
1 12746
1 12748
1 12751
1 12757
1 12759
1 12760
1 12772
1 12780
1 12781
1 12783
1 12787
1 12790
1 12796
1 12798
1 12806
1 12810
1 12817
1 12819
1 12823
1 12827
1 12829
1 12834
1 12839
1 12844
1 12851
1 12853
1 12854
1 12861
1 12865
1 12867
1 12873
1 12878
1 12882
1 12883
1 12885
1 12886
1 12891
1 12902
1 12905
1 12907
1 12910
1 12917
1 12927
1 12929
1 12938
1 12939
1 12942
1 12944
1 12951
1 12958
1 12969
1 12971
1 12973
1 12975
1 12983
1 12989
1 12994
1 12997
1 13011
1 13059
1 13070
1 13079
1 13082
1 13087
1 13116
